1642889498890588161
1642889492007723010
1642889490954944513
1642889490908758016
1642889486190411779
1642889482134331393
1642889480985100292
1642889478879715328
1642889475914346498
1642889472080596995
1642889466598547456
1642889463935148033
1642889462702014466
1642889462450384896
1642889462421102594
1642889460995039234
1642889460617543680
1642889458126036996
1642889446675587072
1642889439377498115
1642889438928728064
1642889438685728768
1642889438618435584
1642889438127636481
1642889434898022400
1642889434499522565
1642889431588782081
1642889424328425473
1642889422218616833
1642889421078040577
1642889418167160833
1642889411116384257
1642889409790967809
1642889408809410562
1642889399468793856
1642889397270986752
1642889392669835265
1642889388051902464
1642889386718011393
1642889373610917890
1642889372633817088
1642889369202700288
1642889364492492801
1642889356074704896
1642889351427137538
1642889347295858688
1642889344204836864
1642889342082248705
1642889339423137795
1642889325095317507
1642889324869083136
1642889315104456705
1642889312806006791
1642889312445386752
1642889309895159811
1642889306351050755
1642889301464698880
1642889299791163394
1642889287631790082
1642889287229120512
1642889281730387969
1642889277112565761
1642889270166962177
1642889269298757637
1642889266106597377
1642889250814279680
1642889248582905859
1642889243407073280
1642889240932483073
1642889239619678208
1642889238197817344
1642889238105423873
1642889234968133636
1642889232933945344
1642889227971985409
1642889227019997184
1642889226319454208
1642889217289191425
1642889216995590146
1642889216232153089
1642889216051798021
1642889213468196865
1642889213363490817
1642889208330358785
1642889201514602498
1642889197496463362
1642889190248443904
1642889184942739456
1642889178332426243
1642889172280299522
1642889168350220288
1642889165195935747
1642889164558565378
1642889161651937282
1642889158703083523
1642889157440835584
1642889156635541505
1642889156270657542
1642889154706161664
1642889136674689025
1642889136179642369
1642889135940591618
1642889135462465536
1642889131780083712
1642889130513252354
1642889129552924675
1642889107071463424
1642889105590878209
1642889102046662657
1642889101958602754
1642889097630081024
1642889095037820929
1642889089593782276
1642889088838643712
1642889088276770816
1642889085948665858
1642889073428709376
1642889071625216001
1642889070517841920
1642889065711149056
1642889063144275969
1642889062422814722
1642889057611948033
1642889051211456512
1642889046476177410
1642889044597284865
1642889027756892162
1642889022786641923
1642889010434416645
1642888999575379969
1642888996538707968
1642888990079565826
1642888988481519616
1642888987835527168
1642888983586668544
1642888982508843008
1642888980654956546
1642888974413725697
1642888972551561217
1642888971691892737
1642888971100225539
1642888967170191363
1642888956093300736
1642888949956763650
1642888944076324864
1642888935167893504
1642888934656204802
1642888928310034439
1642888927169200130
1642888927009710080
1642888917207613440
1642888916230365184
1642888914405847040
1642888903198908417
1642888901416177665
1642888896517398528
1642888874182742016
1642888869677789184
1642888857258532864
1642888854112997377
1642888852946796552
1642888848727482370
1642888843413319682
1642888842842890240
1642888836798730241
1642888827080691713
1642888822513102849
1642888818209464320
1642888815076605954
1642888813424025600
1642888806889078784
1642888803399479300
1642888797397614593
1642888796889833472
1642888789172338688
1642888783766093831
1642888778384654340
1642888777185075202
1642888776136400898
1642888768855109639
1642888766023974914
1642888762731495424
1642888749288751109
1642888745073385473
1642888741227462656
1642888727524691968
1642888726777823234
1642888725993586689
1642888714786316290
1642888710684377088
1642888708465491968
1642888707660193794
1642888707333054464
1642888703273213952
1642888700542550017
1642888696880832512
1642888689201164291
1642888687024488448
1642888684327297025
1642888682569965568
1642888681496145920
1642888677750628353
1642888676064604161
1642888675355942912
1642888673321447428
1642888673027915777
1642888659866361857
1642888652153065472
1642888646561878021
1642888645009891329
1642888640857620481
1642888640421298179
1642888640077656064
1642888636512215042
1642888634448728064
1642888624873037827
1642888618808344576
1642888616484524032
1642888616476278786
1642888616316751873
1642888599392665602
1642888594980323330
1642888593076269056
1642888589259288577
1642888587602694145
1642888584200855552
1642888578588868609
1642888570896613377
1642888569743081475
1642888566685483011
1642888564743495681
1642888558397599745
1642888544350773251
1642888539158315010
1642888528051814402
1642888526344736768
1642888517062733827
1642888516014161926
1642888515569479683
1642888511736147969
1642888510582710272
1642888510276247554
1642888508900626432
1642888507550056449
1642888507256614913
1642888502101659650
1642888494308573184
1642888494098919425
1642888490714112001
1642888490609262595
1642888481499127818
1642888479519457284
1642888479100272640
1642888478223466498
1642888477795667973
1642888477757919233
1642888477749436422
1642888477497868288
1642888477233537024
1642888474259800065
1642888472271749120
1642888465854652419
1642888462192766977
1642888460598951936
1642888459361607682
1642888457289715713
1642888456203378690
1642888454039060483
1642888451874861057
1642888451073748994
1642888444417564672
1642888442064388097
1642888439749017601
1642888439279538177
1642888430513438724
1642888425358409729
1642888421826871298
1642888420660850694
1642888416085053441
1642888412368699395
1642888411282276354
1642888403611004928
1642888398862942220
1642888394819743746
1642888394073161728
1642888384959102977
1642888377249792003
1642888367560957956
1642888361374547970
1642888353938022401
1642888349726670855
1642888347092934657
1642888343775068160
1642888342319554565
1642888338116952064
1642888331720798209
1642888329837391873
1642888329132736512
1642888322296037384
1642888311361400839
1642888301009858564
1642888289962033153
1642888277819523073
1642888275646902273
1642888269611368448
1642888266247716864
1642888253677387782
1642888250737008640
1642888249659015170
1642888235142508546
1642888234803015680
1642888226380578816
1642888223985655810
1642888222723436544
1642888221909499907
1642888220689018881
1642888219015479296
1642888211864375298
1642888211595767809
1642888205384007686
1642888201663545344
1642888201390944256
1642888199415406594
1642888197662289920
1642888197536350211
1642888195573526530
1642888195124723712
1642888193392406529
1642888189345157120
1642888188619284483
1642888188430516224
1642888186862116868
1642888186174267392
1642888182126583809
1642888181795225601
1642888180511969280
1642888180256116736
1642888179895218176
1642888172727140353
1642888170323734530
1642888165475389441
1642888162690187265
1642888158881759233
1642888154955890690
1642888143929049088
1642888143698313217
1642888143157297153
1642888119396581376
1642888117391876096
1642888110639054848
1642888105517633542
1642888099364737024
1642888095518302210
1642888056817737729
1642888051700518920
1642888046897946624
1642888044490665985
1642888027671519232
1642888009308618753
1642888005454118922
1642887997057036293
1642887996876701699
1642887994817540096
1642887994574262272
1642887991298527232
1642887990644023296
1642887989767426048
1642887974596808704
1642887972289650691
1642887968909299713
1642887968137560065
1642887966899970052
1642887964601491457
1642887958087778310
1642887956901003265
1642887952924540928
1642887952324755457
1642887952077398019
1642887949665595393
1642887945907519488
1642887932296982529
1642887928564322304
1642887928111149063
1642887924575510529
1642887909052129280
1642887908901126145
1642887907978670081
1642887906569121792
1642887903234650115
1642887898809737220
1642887887992782848
1642887884490387459
1642887882921873408
1642887879352373249
1642887874881400834
1642887868346400770
1642887866559676416
1642887863565180928
1642887842262052868
1642887841519640578
1642887840387170304
1642887839120498689
1642887833168883720
1642887831742709762
1642887831331966977
1642887829108793350
1642887828420820992
1642887828056031232
1642887824805355523
1642887820397125638
1642887802961502209
1642887799308185602
1642887793310588928
1642887789854306307
1642887776784769030
1642887774880808960
1642887768736149505
1642887764008902657
1642887763107393536
1642887760011747330
1642887737974956032
1642887737790324736
1642887737723305984
1642887734258704384
1642887734246211585
1642887733218533377
1642887725312245762
1642887724154626048
1642887724070731779
1642887723294892033
1642887721197744131
1642887720572690433
1642887719993982976
1642887718848929796
1642887701622923267
1642887700280737795
1642887698854686726
1642887694769442818
1642887691242201093
1642887688041689091
1642887681599258624
1642887670337794048
1642887658941677573
1642887643724931072
1642887631011971072
1642887627677356032
1642887622728253441
1642887618990833666
1642887617896144906
1642887612565159938
1642887604592062464
1642887602381684736
1642887590985760770
1642887585839173632
1642887580877221891
1642887572455329794
1642887560996216834
1642887553140371456
1642887536598040578
1642887522274484225
1642887511168155648
1642887509183963136
1642887502074716160
1642887500778668035
1642887489252896769
1642887483854671875
1642887472123191297
1642887469442924548
1642887464586035205
1642887453630517248
1642887449033469960
1642887444356898818
1642887437436190722
1642887433707573248
1642887432382083078
1642887430352125958
1642887427244150785
1642887426069626885
1642887419077771264
1642887410286510081
1642887407249883137
1642887395761586183
1642887395279241217
1642887392758579200
1642887390854250497
1642887384617349123
1642887382667067397
1642887376589422756
1642887362479833093
1642887360227450890
1642887357757116424
1642887348357586948
1642887347632246784
1642887346319245312
1642887336865460224
1642887334256422913
1642887323183636482
1642887320117321732
1642887311766552580
1642887307723194368
1642893584398426112
1642893542283694080
1642893523589517312
1642893515884470274
1642893500730470408
1642893493726216193
1642893467612225537
1642893465997438981
1642893455939469312
1642893413597978628
1642893388650348547
1642893371424542720
1642893275941212162
1642893187415982080
1642893096244609025
1642893093249613829
1642893083850207234
1642893053789708288
1642892984394866689
1642892961884291072
1642892921140568068
1642892911607173120
1642892877373030403
1642892876253208576
1642892851045384198
1642892838617620481
1642892823321260033
1642892822348013568
1642892821664526337
1642892738688368642
1642892718706663424
1642892618198835201
1642892585705299971
1642892556131504129
1642892549135147013
1642892545309962241
1642892476536041474
1642892466956189697
1642892455652499463
1642892451332358144
1642892440515276803
1642892426254729218
1642892336274321415
1642892329177546758
1642892319354683398
1642892295463731206
1642892291751948288
1642892287788105735
1642892260021878784
1642892244326727682
1642892238630838272
1642892237976526849
1642892232045805571
1642892215004327941
1642892184658624512
1642892147585171458
1642892145144090624
1642892080841211907
1642892033504206848
1642892020736995333
1642892004869677072
1642892004324524037
1642891994451128322
1642891992681140224
1642891860233400321
1642891832227921927
1642891769946812418
1642891753429643265
1642891747767246854
1642891679785951232
1642891666339004424
1642891633002700803
1642891602573287424
1642891554397253638
1642891443290398721
1642891362151329794
1642891344719781892
1642891307126251522
1642891306820161536
1642891288902090753
1642891228772728833
1642891187227971585
1642891173525172224
1642891161940512770
1642891160334073857
1642891147243601920
1642891029706846208
1642891000824709123
1642890919694290945
1642890838786322432
1642890822440964096
1642890798910898177
1642890794586578944
1642890713909153792
1642890708309749762
1642890707563053057
1642890704098566144
1642890700013592577
1642890676630159360
1642890625509912578
1642890562385707011
1642890559919468552
1642890550524125188
1642890542760558593
1642890507800944640
1642890481838194690
1642890454168469505
1642890453807710208
1642890448732561411
1642890440574742528
1642890434119622656
1642890424363757570
1642890418089017346
1642890408102379526
1642890385180725249
1642890384870354944
1642890375294582789
1642890359423238144
1642890306226909187
1642890290741620739
1642890290200735745
1642890273305886723
1642890269589733376
1642890253907423235
1642890249012428801
1642890241244643329
1642890210810920962
1642890200786296833
1642890187347722245
1642890173959602176
1642890172202381313
1642890152472203271
1642890123426627584
1642890069433368576
1642890066472083458
1642890043948687366
1642890011212148736
1642889999732596744
1642889982355415045
1642889976294645760
1642889966433755138
1642889954610266114
1642889939905019905
1642889898196627458
1642889866475196424
1642889854647238659
1642889854399676418
1642889837781843968
1642889814805475329
1642889798435192834
1642889789727821825
1642889775043469315
1642889772392927233
1642889767720488962
1642889739991945217
1642889731339087876
1642889729631981569
1642889718143635459
1642889701345378304
1642889693070086147
1642889692675710979
1642889690289426432
1642889690260062210
1642889663282049025
1642889638346891265
1642889617526407168
1642889587445096453
1642889570118238209
1642889564670029825
1642889558793809921
1642889499104641024
1642889495782608901
1642889489759498240
1642889480351760384
1642889468637052929
1642889451280953346
1642889443257245696
1642889428929576966
1642889395945762817
1642889323384279042
1642889316148957188
1642889276416303105
1642889269348823040
1642889239917481984
1642889190105817090
1642889142987268097
1642889067456077824
1642889059830837249
1642889054000934914
1642889005787414533
1642888930679828487
1642888919640408070
1642888884492341254
1642888844461723648
1642888711154040832
1642888658637185027
1642888621316513793
1642888482929475594
1642888474423336961
1642888462599684098
1642888430236454912
1642888427157995521
1642888415568904195
1642888392143773698
1642888382647791617
1642888381330857987
1642888358568374277
1642888344706203653
1642888254385995776
1642888243434647554
1642888239936675840
1642888187809783810
1642888157958946820
1642888128720412673
1642888109548240897
1642888104942993413
1642888100291706880
1642888073884340225
1642888057144614913
1642888030263336962
1642888018947194883
1642887992145739776
1642887984440569856
1642887977675128839
1642887973589983244
1642887944649277440
1642887749907673090
1642887706396033029
1642887639589343233
1642887609344032769
1642887604281438210
1642887602175918081
1642887593837621250
1642887567006679043
1642887547075325955
1642887516889006081
1642887472718675970
1642887457610903552
1642887445174706177
1642887423880318976
1642887383715545088
1642887301435932676
1642887254249992200
1642887246553423874
1642887231684874240
1642887225569341441
1642887220678762498
1642887187279609856
1642887145164619777
1642887132690751489
1642887012087906305
1642886961290440709
1642886855174545411
1642886853295521793
1642886824501690369
1642886824333852675
1642886800002764802
1642886672667885571
1642886616288047111
1642886596985856001
1642886589654130689
1642886588194603010
1642886587456290816
1642886578967027715
1642886573204074500
1642886525577830401
1642886510146904065
1642886417805197313
1642886388579172357
1642886369495199746
1642886341649211398
1642886297004982277
1642886294551265281
1642886286582202370
1642886281876197379
1642886239131951114
1642886237391339524
1642886195662209025
1642886151416553472
1642886135541006336
1642886069501739008
1642886051596324864
1642886011964342279
1642886003684786176
1642885991974461440
1642885952258420736
1642885943437803521
1642885936475144192
1642885888345772033
1642885881542393859
1642885869001383937
1642885868061970434
1642885854459834374
1642885826249101312
1642885742526332930
1642885731499515905
1642885713614995458
1642885625878654976
1642885581016379399
1642885535168614400
1642885474220929027
1642885457775144962
1642885441127841794
1642885390700011520
1642885359272087553
1642885339248222211
1642885219454787589
1642885196155330561
1642885168124907523
1642885166384427013
1642885159811792896
1642885123635830786
1642885091041980421
1642885074747109381
1642885062986199041
1642885056371863552
1642885055638032385
1642884964151873536
1642884948997599238
1642884908589932545
1642884879053357065
1642884868441792513
1642884836137263105
1642884817724293124
1642884807389528065
1642884793217032194
1642884762833395715
1642884750439247878
1642884747209605125
1642884653160992769
1642884633468477446
1642884598135676931
1642884583837278209
1642884578678374400
1642884568549138433
1642884508658565121
1642884496641990656
1642884450030632965
1642884447488946178
1642884435212226562
1642884423350714377
1642884420142002180
1642884371639042051
1642884269436534791
1642884238352498688
1642884209915068418
1642884188687810560
1642884158140628993
1642884122199687172
1642884086334193666
1642884057955459078
1642884022333317121
1642883991316381700
1642883968771956736
1642883961985593345
1642883874563735560
1642883870939856898
1642883803130523649
1642883761787523072
1642883723229102081
1642883694095396864
1642883654769692674
1642883591620231168
1642883482094321665
1642883463425544193
1642883455363973124
1642883437475274752
1642883406093512704
1642883400246738951
1642883398992805889
1642883372606210052
1642883319422484480
1642883257027928068
1642883253823479809
1642883244071825418
1642883200174411777
1642883072327667714
1642883001859055617
1642882987741020160
1642882978685517825
1642882972595412992
1642882954731962369
1642882944409694208
1642882914105847809
1642882885291057154
1642882785596645377
1642882730839928836
1642882686128668674
1642882644516929537
1642882627278618624
1642882584282628096
1642882531849641985
1642882418854993924
1642882398147985408
1642882317264773128
1642882304098852866
1642882283072888832
1642882259995828225
1642882248075800582
1642882248037867523
1642882244040687617
1642882217524207617
1642882211270492162
1642882164940238853
1642882162381713410
1642882152114311168
1642882145675780098
1642882145654849544
1642882144467836928
1642882142790381568
1642882105200836613
1642882085290426374
1642882036653236224
1642882028000497664
1642882005137227777
1642881999961481216
1642881948493201410
1642881900573507585
1642881896429367297
1642881831875018753
1642881808206266368
1642881807434543104
1642881800442658817
1642881783384666113
1642881777822756865
1642881768247132161
1642881760013713414
1642881704934137861
1642881691638435840
1642881662550720515
1642881657530200064
1642881636978290689
1642881581726539780
1642881528492441601
1642881512176492548
1642881471315689476
1642881418329202688
1642881374934687750
1642881352788844545
1642881312481525760
1642881281183608832
1642881187784937474
1642881172958072834
1642881161008381952
1642881144629673985
1642881140246605826
1642881134026522624
1642881133917396992
1642881132315172875
1642881132264845314
1642881125964996609
1642880982964371463
1642880923526889473
1642880868074094595
1642880839649222658
1642880805033607169
1642880776134901762
1642880723513229313
1642880685504430083
1642880633046196228
1642880617628180480
1642880588775342080
1642880571343880194
1642880534006190080
1642880517237293057
1642880482219098112
1642880455438397444
1642880453462900740
1642880448262029316
1642880380767203329
1642880371820724224
1642880369488740352
1642880329789870081
1642880311552868353
1642880231424892931
1642880177389686786
1642880175728648195
1642880161166110721
1642880129767440385
1642880127984910337
1642880084431257606
1642880043239047170
1642880024872116227
1642879981251436544
1642879971638251521
1642879954726559747
1642879916831121409
1642879900766879748
1642879887642902528
1642879875668234243
1642879869104078850
1642879854902386689
1642879830017339392
1642879818432757762
1642879759846703106
1642879741488185347
1642879693614379008
1642879676413628416
1642879674823987203
1642898981486469121
1642898890327306241
1642892435620610049
1642891543986962432
1642890695466688512
1642887277952258050
1642885663501725696
1642884624975011840
1642884174594949121
1642883924043919365
1642882148179886085
1642881635925229573
1642879227337879552
1642879081308909568
1642879002799927299
1642877607606624258
1642876498158968834
1642875952731676672
1642875646270472193
1642873570677374980
1642870858459881476
1642870393743474692
1642868821361848323
1642866105571217409
1642865287103123456
1642860588245106688
1642859587626991616
1642858990328487939
1642857467783573512
1642855398356008964
1642850358920728577
1642849858271707137
1642849436354375680
1642849402418089986
1642844799488204803
1642844643833577472
1642844483376107521
1642844352501399553
1642842876206776320
1642842262890598400
1642840993664757760
1642837613424918528
1642836892667494400
1642836854142816264
1642834889442459648
1642834535195856897
1642834409014407169
1642834253443391490
1642832998553866244
1642832530968567808
1642832353759465474
1642831876779048961
1642831436209061888
1642830937023971328
1642830372617502720
1642829474432417793
1642829292412502017
1642828383808618497
1642828166803644416
1642827453180829696
1642827422063276032
1642825271265882117
1642822403330809856
1642822366911660032
1642821957430177792
1642821344495648771
1642820553122742272
1642820449749925888
1642820075622154241
1642819320677027842
1642819298761785344
1642818565198815232
1642816434328985600
1642816401420484609
1642814897586319360
1642813823420866562
1642813595741290497
1642813441898598400
1642811597973233665
1642810238385496064
1642809274857299968
1642808536504717315
1642804905135202304
1642804881949077505
1642804863779102722
1642804113778810880
1642804083735293952
1642803208178348033
1642803132508798977
1642802717725786112
1642802676629905409
1642802660976754688
1642802622544457730
1642800815030120448
1642798195888750593
1642797236987002880
1642796729438199808
1642796546000314368
1642791135507779586
1642790855726759942
1642790505854685185
1642788959905349633
1642788313936564224
1642786386867798017
1642785887473000448
1642785801195995137
1642785411842932737
1642784855829229568
1642784630687297537
1642784477171666944
1642784258841276416
1642783984944914433
1642783904162803712
1642783238958772226
1642782825634988032
1642781617922928640
1642780975645233154
1642780865209024512
1642780708195414016
1642780604336062465
1642780292057530368
1642779741701931009
1642779344518131712
1642777974863740929
1642777960976650241
1642777124145872896
1642776913356943360
1642776346383499264
1642776096591724544
1642775986650644481
1642775937493368833
1642774302218162176
1642774268625711105
1642774170760265730
1642772172027613185
1642771790014595072
1642771786424274945
1642769772721975300
1642766633705021441
1642762884714201088
1642762856218099714
1642762807186980869
1642759942183743488
1642757917328785408
1642757869580824577
1642753711184265216
1642751241603231745
1642750288510562304
1642748993951133699
1642743150241361920
1642740649891094533
1642734484733788160
1642716047634563072
1642714971254448130
1642701845843025921
1642687193004101635
1642684476269670400
1642679703709577216
1642679556078223360
1642677137982337024
1642674387080863746
1642662611396485121
1642661532965257216
1642659408680214528
1642655630556274688
1642650552323416066
1642648220441661442
1642647932691251202
1642645833282908162
1642644984074579975
1642643503560925184
1642641031794655232
1642633146138263553
1642633100545998848
1642632612391837696
1642632311622586370
1642631097681952772
1642627740384854022
1642626331287474176
1642624450989379586
1642615164452196356
1642614889058381825
1642591257389047813
1642588478121861120
1642587914927329283
1642584265152950272
1642580810753769472
1642575750871015424
1642575544821882880
1642565308417204228
1642561915913408514
1642555304092073987
1642555208856109060
1642554848771215360
1642553902754136066
1642553801004535810
1642552669624766466
1642550498619191297
1642542569811857415
1642542243650183170
1642536048851918850
1642535719225917446
1642530863391862785
1642529822474682369
1642527627662565379
1642525764770734080
1642524177562230787
1642522434946605067
1642522326150381569
1642521739258363904
1642519020569235458
1642513805681868803
1642512207819984898
1642504296372510720
1642501768037687296
1642493976342036480
1642490228349841408
1642489232538361857
1642488359028428802
1642482886367379457
1642473039051870209
1642472330231271427
1642466736741011456
1642465180972986368
1642461868160700416
1642452415453581312
1642450864840544257
1642449953002848257
1642449363900276737
1642441597311672320
1642440703841124354
1642432683488813058
1642431839003611137
1642424497817960451
1642422698172116993
1642413490165137409
1642410323637420034
1642409262600138754
1642403664961880065
1642391717558059008
1642390276168892417
1642389933510873091
1642388038432219136
1642376507757830144
1642375570326695936
1642374463965609984
1642374209035722754
1642369941012639744
1642368332962869248
1642367185581375489
1642353926090682370
1642350632324698113
1642333150561939457
1642331710900559872
1642327416788992001
1642327226493603841
1642325474184667136
1642322203080269826
1642320714249256960
1642320518287183874
1642320089117605889
1642316071712718850
1642311178905960448
1642305850533613568
1642303894536720384
1642303823413932034
1642303648297521153
1642303386803662850
1642302897210916864
1642302027337453568
1642295126025289729
1642293314173976577
1642284201809707009
1642281725609771012
1642281408851836928
1642278299463303172
1642277406185750528
1642277044451958784
1642276965284446210
1642274999552573440
1642274840001355780
1642272478239047683
1642271902604443650
1642264184451919872
1642262685164216320
1642262678654550018
1642262643242049537
1642261834639056896
1642258542630666240
1642257069855195138
1642250797676150788
1642248305831813125
1642248228103163904
1642247962003898368
1642247550467211265
1642245746752716803
1642242641596235783
1642241298315849730
1642240417700921344
1642239561823670274
1642239526767566848
1642237835926274049
1642236541689815042
1642235396837736448
1642232515124424704
1642229656936931336
1642227974899646469
1642223522473816067
1642222602130169856
1642220964736823296
1642218676408446976
1642218526357311488
1642217941155344386
1642217934087962629
1642217832610930689
1642216632071393281
1642216200271790083
1642216137147703296
1642212253586931718
1642210222004666374
1642210221480357891
1642206118100234240
1642205160427466762
1642205111043727362
1642203305223880704
1642197738681954306
1642197689591910406
1642195790977200132
1642194295720493059
1642193906413752320
1642191781725970433
1642188616355946500
1642188236263915521
1642187811481632768
1642186913158250497
1642185416139763713
1642184945635581952
1642182316645847040
1642181960125812739
1642181233147871232
1642180275676299264
1642180028183252992
1642179920024551429
1642179853783842819
1642179519283904512
1642177794049290241
1642176486772813825
1642176273857273856
1642175023820705800
1642174059247968256
1642172518214811648
1642172465404342274
1642171535208136706
1642170750239997955
1642170611769425922
1642170278552764416
1642169951015280644
1642168017546096640
1642166840297410561
1642166820948910082
1642166280479227904
1642165735186153474
1642165367375028226
1642164777949462529
1642164391050113024
1642164298179833856
1642163564407402497
1642162624036052995
1642158899150159873
1642157920308678656
1642157101953974275
1642156301114376192
1642155613588185088
1642155212155637760
1642154895217131520
1642154612068085761
1642151505791791104
1642149825956175872
1642147288989462528
1642147227056365569
1642146994255806466
1642146275259760640
1642146095491842048
1642145778511511554
1642144097636061186
1642143358712782848
1642140265421963264
1642133036014743555
1642131714486018049
1642130827310931971
1642124456419110915
1642121921390161922
1642121760815616002
1642121403389362176
1642120903805763584
1642120837783334915
1642118167924228098
1642117964005625856
1642117848355962881
1642115578809679873
1642115231093604354
1642114708806279168
1642114690091454464
1642113441136558080
1642112663558795265
1642112488379432960
1642111500788678656
1642109628707225601
1642109538420629506
1642101729524056064
1642101253298700289
1642098838738546688
1642098821067841537
1642098808023838722
1642094607361097728
1642093850104680448
1642091178945572865
1642089432223305728
1642088820911767552
1642088591789817856
1642085787864035328
1642084995635265538
1642082584862572545
1642082326774714370
1642081817749512192
1642078645039529988
1642078186652717061
1642076673481875457
1642072201187737600
1642071598294347779
1642071067509309441
1642068157782163457
1642062472541532160
1642061777293778946
1642058651639640066
1642056425189851136
1642055782056304642
1642054775641452545
1642053983098290176
1642050845528449024
1642047619655520257
1642046945060372482
1642046591862206469
1642041944816664579
1642039087946424320
1642038247709614081
1642037253869387776
1642032763149901824
1642026147448750080
1642022360835391488
1642022004189544449
1642015195546484737
1642013254921641985
1642010492288876545
1642008704278200320
1642008404351766529
1642008331626708993
1642006569373118467
1642006333187579905
1642005036849938440
1642003077837516800
1642002315660984321
1642000879803875328
1641999974237077504
1641995954583920640
1641994808788144128
1641994442893676547
1641993516363534337
1641991090617335812
1641989990136659968
1641989799639744512
1641989452305145869
1641987814912032768
1641987169890836480
1641982606878326785
1641978058356977665
1641973340255449090
1641972364270526464
1641969723045814272
1641968622800351234
1641968191936122880
1641965241465544704
1641965160628645892
1641963679502721024
1641960872363843585
1641959296308232194
1641958626414985217
1641958173157277696
1641957326738292742
1641952659002343429
1641952105110839296
1641951674704228352
1641950839651663873
1641949233258418179
1641944624011804675
1641943904445448196
1641939855721545728
1641938006608166912
1642902514063294467
1642902168389943299
1642901099177811968
1642900643139444738
1642900590383747073
1642900183175528448
1642900119077941249
1642899231374467072
1642899199720030208
1642898745258917893
1642898739089080321
1642897478398910464
1642897224588820481
1642896991112790019
1642896976269172736
1642896719464521729
1642896653131694081
1642896594923057155
1642896564636258309
1642896555362381832
1642896549847126017
1642896369030496256
1642896220153675777
1642896219717468165
1642896196296491008
1642896105523544065
1642896017942257667
1642895719215276033
1642895026777903109
1642894882799755265
1642894366724493312
1642894301712773120
1642894213321826306
1642894140483715074
1642894112767586304
1642894046967234561
1642893985894092803
1642893687116922881
1642893614459043841
1642893517088325637
1642893316034383873
1642892832158412801
1642892733801963521
1642892654408024068
1642892609185087488
1642892593703911425
1642892234302566400
1642891461094961157
1642891359626440704
1642891013101371392
1642890958135242753
1642890628408438784
1642890553468780545
1642890393283964928
1642890345645064194
1642890288506044416
1642890225465851904
1642890049711927296
1642889918006583297
1642889897605308416
1642889782245335040
1642889699948888073
1642889698703036420
1642889681133264897
1642887244670173186
1642887230141112325
1642887221630976000
1642887173602160640
1642886489720619008
1642885247887876096
1642885226069196809
1642884773608669187
1642884719015522308
1642884319986286598
1642884056550449153
1642883969032114177
1642883650634039297
1642883650395201541
1642883313219125248
1642882704491401217
1642882590188109824
1642882471854260224
1642882340023140355
1642882336000753664
1642881778355687424
1642881751520354314
1642881637401915392
1642881603184521219
1642881505260195844
1642881310275391489
1642880882204893185
1642879624299581442
1642879583912443904
1642879564379484162
1642879535145164803
1642878927264788482
1642878586628739073
1642878439177830401
1642877162209579010
1642877077568507905
1642877070815662081
1642875956359753733
1642875565056073731
1642875484982722560
1642875146183536640
1642874942252351494
1642874937894633472
1642874858479468545
1642874601628737539
1642874592149610497
1642874581471068161
1642874156969603077
1642874078699876354
1642873240103141377
1642873027594444800
1642872649062789120
1642872577465909252
1642872169683210240
1642872150628651009
1642872138028687360
1642872094487904262
1642871713472847872
1642871287411273728
1642871120536674304
1642871099884027906
1642870023801782276
1642869983863619586
1642869803709767682
1642869221137711105
1642869018573807618
1642868397393231874
1642867984241934336
1642867952537022465
1642867916742832129
1642867349089927168
1642867283595763715
1642867173176614919
1642867044088705028
1642866728198610946
1642866551740145667
1642866317765263365
1642866073883090946
1642865888276652033
1642865403700428800
1642865285014102017
1642865088091639808
1642864880238641152
1642864287810207746
1642864158080221184
1642864072751304704
1642863819939631104
1642863584110686209
1642863465588051970
1642862939500863491
1642862387115225091
1642862365741027328
1642861756073783298
1642861752336494593
1642861435981033474
1642861243017953282
1642860691571761154
1642860656310247425
1642860030495191040
1642859962912198656
1642859868661923843
1642859727435583489
1642859606492823553
1642859341932797954
1642859197686489089
1642859063288680450
1642858777786609665
1642858689152385026
1642858630939549698
1642858301573697536
1642858088058470400
1642857961788960774
1642857652987232256
1642856953096417281
1642856863908651008
1642856569372291072
1642856465412026368
1642855977148993537
1642855287219445760
1642855209549299714
1642854560212439040
1642854391630659585
1642853960796217345
1642853755497377793
1642853230118928384
1642853205250908162
1642852960584581121
1642852954792243201
1642852330612703234
1642852062647005186
1642851573549113345
1642851104214982656
1642850800891199489
1642850528278495237
1642849908309872643
1642849253922930691
1642848762535071745
1642848655949398016
1642848086232907776
1642848051856568320
1642847648850796544
1642847432189902848
1642846908853960707
1642846423451410432
1642846316014481410
1642845147175043077
1642845144633298946
1642844587487100929
1642844560861569024
1642844506482683905
1642844041204080641
1642843686361784320
1642843680452104195
1642841953476780035
1642841263220178945
1642840410354483202
1642839918455173120
1642839859499761664
1642839647725424642
1642839615454474240
1642839506683576322
1642839169084030976
1642838603587022849
1642837794258292736
1642837692529426433
1642837293248532481
1642837156480843777
1642836890666532873
1642836366345007107
1642836123759042561
1642834989816639489
1642834759482048512
1642834759003914241
1642834221726089217
1642834105552494592
1642833670741561347
1642833651699453953
1642833002672852999
1642832862645985280
1642832251955081217
1642831810869727233
1642831541230338050
1642831201382592512
1642830277356711937
1642829631161094146
1642829348666322944
1642829319943733248
1642829292081119238
1642829186103656448
1642829104314740736
1642828864459264000
1642828855001100289
1642828802748301312
1642828717268299777
1642828544739770369
1642828540700770307
1642828513915949057
1642828371292987392
1642828368025362433
1642828301017202690
1642827710312464388
1642827677378682881
1642827617991532544
1642827536702001152
1642826977202831362
1642826147455987712
1642825790458036224
1642824588496351232
1642823780102971394
1642823667926089728
1642823410962116609
1642823160520224768
1642822651566489600
1642822394732744704
1642822280475734016
1642821742380089344
1642821732053467137
1642821444689350657
1642821205395910658
1642821129181220867
1642821083379417090
1642820236733759488
1642819607865217027
1642819325126901760
1642819149616365570
1642818581942419459
1642818397967613956
1642818031054143488
1642817890280669185
1642816719906385920
1642816709361913856
1642816239960485889
1642816060830228480
1642815483094224897
1642815240579477506
1642814857836896259
1642814376972369920
1642814319661584387
1642814285934895104
1642814226723905536
1642813826084093957
1642813826063114242
1642813826050433028
1642813826029551616
1642813825958412288
1642813825912287233
1642813825908088834
1642813825891336192
1642813825882943489
1642813825866174465
1642813825849360386
1642813418712465408
1642813389645725697
1642812987512586241
1642812636835225601
1642812495160295424
1642812434762088448
1642812259989696512
1642811129058697217
1642810752196313089
1642810528442507264
1642810527423377408
1642810089290489857
1642809708653469696
1642809689930084354
1642809616559128576
1642809476037357570
1642809374325317633
1642808999673499648
1642808253984931840
1642808204064169985
1642807787922046976
1642807784533118976
1642807319967719424
1642806975426703361
1642806802734538753
1642806793087623170
1642806385372188676
1642806207873449984
1642806142697865218
1642805601171304450
1642804709189881858
1642804625270079488
1642804253197733889
1642804061262192641
1642803010698121216
1642802891206320128
1642802359926398978
1642801900151267329
1642801672488628224
1642801589445337092
1642801214231556097
1642801205670981633
1642801056416694272
1642800987269210112
1642800886362816514
1642799679451676673
1642799289217712129
1642799124876767233
1642798577469759488
1642798556959621123
1642798262632562689
1642797762470084610
1642797658497482753
1642797452813008896
1642797328166731776
1642796201685786632
1642795924450861056
1642795825792262146
1642795771954368513
1642794973052403713
1642794120920850432
1642793276234407937
1642793125277212673
1642793047548125184
1642792873157337088
1642791941472485376
1642791930693316608
1642791927295901696
1642791550152478720
1642791143812497408
1642791051508215809
1642790923691241472
1642790904837853185
1642790768942383105
1642790584569204738
1642790330998358017
1642789909894164481
1642789898242650112
1642789385455149057
1642789083519827971
1642788558007324672
1642786171829846018
1642785133131616257
1642784788745715712
1642784701369950208
1642784621526958081
1642784418921062401
1642784363506180096
1642784292811014149
1642784261970198528
1642784159897911296
1642784068398989312
1642783746452787205
1642783693000327168
1642783670053535744
1642783657743056898
1642783553187459073
1642783356466200578
1642783350766317568
1642783045643272193
1642783028521979904
1642783000680185856
1642782743041040387
1642782504720691201
1642781966368899074
1642781919447482370
1642781582992842752
1642780557179342858
1642780500908441600
1642780465290678272
1642780298651004929
1642779979787190272
1642779777500061696
1642777832228044800
1642777405021626373
1642777389750185986
1642777234443321344
1642777104688267265
1642776206129917952
1642776045190529024
1642775945529401349
1642775891141853184
1642775824209268737
1642775697663066112
1642774619156275200
1642774430421057537
1642773899854204930
1642773887112060929
1642773437444939776
1642773422131257344
1642773412002115588
1642773393559912448
1642772787394904064
1642770258560962560
1642770063458729984
1642769833635741696
1642769173297152001
1642769099758481408
1642768932137316352
1642768657846620160
1642768068693598208
1642767919359709186
1642767825566846976
1642767414554230784
1642767360091381760
1642767298800001024
1642767288473382912
1642767132537786368
1642766574900895744
1642766481921327105
1642766025459666944
1642765880311402496
1642765377297055745
1642764947468976134
1642764651707473920
1642764572850532352
1642763443953606658
1642763361036410880
1642763116630130690
1642762652647821313
1642762214250618885
1642761783122464770
1642761235367329792
1642760517377982464
1642760034223366145
1642759819814752257
1642759382059618306
1642758509287682048
